Full-size
0.07699811784550548,
0.041610551066696644,
0.04272496094927192,
0.06002565799281001,
0.04999515903182328,
0.0677905201446265,
0.0482015130110085,
0.054019788978621364,
0.07694030087441206,
0.0567035130225122,
0.06157256313599646,
0.0621392959728837,
0.04583805100992322,
0.07549674808979034,
0.05159624293446541,
0.0627014699857682,
0.08188695111311972,
0.05342883290722966,
0.05203480296768248,
0.057445802027359605,
0.048432276118546724,
0.06808743788860738,
0.046314888866618276,
0.052569903898984194,
0.10108483699150383,
0.058072631945833564,

Reduced
0.031806306913495064
0.02286000386811793
0.018817466916516423
0.03316261596046388
0.03855173196643591
0.051395155023783445
0.029230776941403747
0.041901220101863146
0.04119082703255117
0.047707634046673775
0.045134220039471984
0.046214803121984005
0.02887311507947743
0.06273379805497825
0.029738639015704393
0.05608643195591867
0.04741004598326981
0.04695260804146528
0.041433889884501696
0.05389591702260077
0.04583605704829097
0.052120842039585114
0.025534375105053186
0.04471291904337704
0.061891378136351705
0.04800885892473161